"","V1","V2","V3","V4","V5","V6","V7","V8","V9","V10","V11","V12","V13","V14","V15","V16","V17","V18","V19","V20","V21","V22","V23","V24","V25","V26","V27","V28","V29","V30","V31","V32","V33","V34","V35","V36","V37","V38","V39","V40","V41","V42","V43","V44","V45","V46","V47","V48","V49","V50","V51","V52","V53","V54","V55","V56","V57","V58","V59","V60","V61","V62","V63","V64","V65","V66","V67","V68","V69","V70","V71","V72","V73","V74","V75","V76","V77","V78","V79","V80","V81","V82","V83","V84","V85","V86","V87","V88","V89","V90","V91","V92","V93","V94","V95","V96","V97","V98","V99","V100"
"1",1.49,1.49,1.49,1.49,1.49,0.59,0.59,0.59,0.59,0.59,0.25,0.25,0.25,0.25,0.25,0.18,0.18,0.18,0.18,0.18,0.42,0.42,0.42,0.42,0.42,0.61,0.61,0.61,0.61,0.61,0.57,0.57,0.57,0.57,0.57,0.74,0.74,0.74,0.74,0.74,0.18,0.18,0.18,0.18,0.18,0.2,0.2,0.2,0.2,0.2,0.36,0.36,0.36,0.36,0.36,0.15,0.15,0.15,0.15,0.15,0.18,0.18,0.18,0.18,0.18,0.26,0.26,0.26,0.26,0.26,0.07,0.07,0.07,0.07,0.07,0.07,0.07,0.07,0.07,0.07,0.07,0.07,0.07,0.07,0.07,0.07,0.07,0.07,0.07,0.07,0.07,0.07,0.07,0.07,0.07,0.07,0.07,0.07,0.07,0.07
"2",1.49,1.49,1.49,1.49,1.49,0.59,0.59,0.59,0.59,0.59,0.25,0.25,0.25,0.25,0.25,0.18,0.18,0.18,0.18,0.18,0.42,0.42,0.42,0.42,0.42,0.61,0.61,0.61,0.61,0.61,0.57,0.57,0.57,0.57,0.57,0.74,0.74,0.74,0.74,0.74,0.18,0.18,0.18,0.18,0.18,0.2,0.2,0.2,0.2,0.2,0.36,0.36,0.36,0.36,0.36,0.15,0.15,0.15,0.15,0.15,0.18,0.18,0.18,0.18,0.18,0.26,0.26,0.26,0.26,0.26,0.07,0.07,0.07,0.07,0.07,0.07,0.07,0.07,0.07,0.07,0.07,0.07,0.07,0.07,0.07,0.07,0.07,0.07,0.07,0.07,0.07,0.07,0.07,0.07,0.07,0.07,0.07,0.07,0.07,0.07
"3",1.49,1.49,1.49,1.49,1.49,0.59,0.59,0.59,0.59,0.59,0.25,0.25,0.25,0.25,0.25,0.18,0.18,0.18,0.18,0.18,0.42,0.42,0.42,0.42,0.42,0.61,0.61,0.61,0.61,0.61,0.57,0.57,0.57,0.57,0.57,0.74,0.74,0.74,0.74,0.74,0.18,0.18,0.18,0.18,0.18,0.2,0.2,0.2,0.2,0.2,0.36,0.36,0.36,0.36,0.36,0.15,0.15,0.15,0.15,0.15,0.18,0.18,0.18,0.18,0.18,0.26,0.26,0.26,0.26,0.26,0.07,0.07,0.07,0.07,0.07,0.07,0.07,0.07,0.07,0.07,0.07,0.07,0.07,0.07,0.07,0.07,0.07,0.07,0.07,0.07,0.07,0.07,0.07,0.07,0.07,0.07,0.07,0.07,0.07,0.07
"4",1.49,1.49,1.49,1.49,1.49,0.59,0.59,0.59,0.59,0.59,0.25,0.25,0.25,0.25,0.25,0.18,0.18,0.18,0.18,0.18,0.42,0.42,0.42,0.42,0.42,0.61,0.61,0.61,0.61,0.61,0.57,0.57,0.57,0.57,0.57,0.74,0.74,0.74,0.74,0.74,0.18,0.18,0.18,0.18,0.18,0.2,0.2,0.2,0.2,0.2,0.36,0.36,0.36,0.36,0.36,0.15,0.15,0.15,0.15,0.15,0.18,0.18,0.18,0.18,0.18,0.26,0.26,0.26,0.26,0.26,0.07,0.07,0.07,0.07,0.07,0.07,0.07,0.07,0.07,0.07,0.07,0.07,0.07,0.07,0.07,0.07,0.07,0.07,0.07,0.07,0.07,0.07,0.07,0.07,0.07,0.07,0.07,0.07,0.07,0.07
"5",1.49,1.49,1.49,1.49,1.49,0.59,0.59,0.59,0.59,0.59,0.25,0.25,0.25,0.25,0.25,0.18,0.18,0.18,0.18,0.18,0.42,0.42,0.42,0.42,0.42,0.61,0.61,0.61,0.61,0.61,0.57,0.57,0.57,0.57,0.57,0.74,0.74,0.74,0.74,0.74,0.18,0.18,0.18,0.18,0.18,0.2,0.2,0.2,0.2,0.2,0.36,0.36,0.36,0.36,0.36,0.15,0.15,0.15,0.15,0.15,0.18,0.18,0.18,0.18,0.18,0.26,0.26,0.26,0.26,0.26,0.07,0.07,0.07,0.07,0.07,0.07,0.07,0.07,0.07,0.07,0.07,0.07,0.07,0.07,0.07,0.07,0.07,0.07,0.07,0.07,0.07,0.07,0.07,0.07,0.07,0.07,0.07,0.07,0.07,0.07
"6",0.74,0.74,0.74,0.74,0.74,3.82,3.82,3.82,3.82,3.82,0.53,0.53,0.53,0.53,0.53,0.44,0.44,0.44,0.44,0.44,0.37,0.37,0.37,0.37,0.37,0.42,0.42,0.42,0.42,0.42,0.68,0.68,0.68,0.68,0.68,0.99,0.99,0.99,0.99,0.99,0.66,0.66,0.66,0.66,0.66,0.15,0.15,0.15,0.15,0.15,0.17,0.17,0.17,0.17,0.17,0.19,0.19,0.19,0.19,0.19,0.41,0.41,0.41,0.41,0.41,0.3,0.3,0.3,0.3,0.3,0.07,0.07,0.07,0.07,0.07,0.07,0.07,0.07,0.07,0.07,0.07,0.07,0.07,0.07,0.07,0.07,0.07,0.07,0.07,0.07,0.07,0.07,0.07,0.07,0.07,0.07,0.07,0.07,0.07,0.07
"7",0.74,0.74,0.74,0.74,0.74,3.82,3.82,3.82,3.82,3.82,0.53,0.53,0.53,0.53,0.53,0.44,0.44,0.44,0.44,0.44,0.37,0.37,0.37,0.37,0.37,0.42,0.42,0.42,0.42,0.42,0.68,0.68,0.68,0.68,0.68,0.99,0.99,0.99,0.99,0.99,0.66,0.66,0.66,0.66,0.66,0.15,0.15,0.15,0.15,0.15,0.17,0.17,0.17,0.17,0.17,0.19,0.19,0.19,0.19,0.19,0.41,0.41,0.41,0.41,0.41,0.3,0.3,0.3,0.3,0.3,0.07,0.07,0.07,0.07,0.07,0.07,0.07,0.07,0.07,0.07,0.07,0.07,0.07,0.07,0.07,0.07,0.07,0.07,0.07,0.07,0.07,0.07,0.07,0.07,0.07,0.07,0.07,0.07,0.07,0.07
"8",0.74,0.74,0.74,0.74,0.74,3.82,3.82,3.82,3.82,3.82,0.53,0.53,0.53,0.53,0.53,0.44,0.44,0.44,0.44,0.44,0.37,0.37,0.37,0.37,0.37,0.42,0.42,0.42,0.42,0.42,0.68,0.68,0.68,0.68,0.68,0.99,0.99,0.99,0.99,0.99,0.66,0.66,0.66,0.66,0.66,0.15,0.15,0.15,0.15,0.15,0.17,0.17,0.17,0.17,0.17,0.19,0.19,0.19,0.19,0.19,0.41,0.41,0.41,0.41,0.41,0.3,0.3,0.3,0.3,0.3,0.07,0.07,0.07,0.07,0.07,0.07,0.07,0.07,0.07,0.07,0.07,0.07,0.07,0.07,0.07,0.07,0.07,0.07,0.07,0.07,0.07,0.07,0.07,0.07,0.07,0.07,0.07,0.07,0.07,0.07
"9",0.74,0.74,0.74,0.74,0.74,3.82,3.82,3.82,3.82,3.82,0.53,0.53,0.53,0.53,0.53,0.44,0.44,0.44,0.44,0.44,0.37,0.37,0.37,0.37,0.37,0.42,0.42,0.42,0.42,0.42,0.68,0.68,0.68,0.68,0.68,0.99,0.99,0.99,0.99,0.99,0.66,0.66,0.66,0.66,0.66,0.15,0.15,0.15,0.15,0.15,0.17,0.17,0.17,0.17,0.17,0.19,0.19,0.19,0.19,0.19,0.41,0.41,0.41,0.41,0.41,0.3,0.3,0.3,0.3,0.3,0.07,0.07,0.07,0.07,0.07,0.07,0.07,0.07,0.07,0.07,0.07,0.07,0.07,0.07,0.07,0.07,0.07,0.07,0.07,0.07,0.07,0.07,0.07,0.07,0.07,0.07,0.07,0.07,0.07,0.07
"10",0.74,0.74,0.74,0.74,0.74,3.82,3.82,3.82,3.82,3.82,0.53,0.53,0.53,0.53,0.53,0.44,0.44,0.44,0.44,0.44,0.37,0.37,0.37,0.37,0.37,0.42,0.42,0.42,0.42,0.42,0.68,0.68,0.68,0.68,0.68,0.99,0.99,0.99,0.99,0.99,0.66,0.66,0.66,0.66,0.66,0.15,0.15,0.15,0.15,0.15,0.17,0.17,0.17,0.17,0.17,0.19,0.19,0.19,0.19,0.19,0.41,0.41,0.41,0.41,0.41,0.3,0.3,0.3,0.3,0.3,0.07,0.07,0.07,0.07,0.07,0.07,0.07,0.07,0.07,0.07,0.07,0.07,0.07,0.07,0.07,0.07,0.07,0.07,0.07,0.07,0.07,0.07,0.07,0.07,0.07,0.07,0.07,0.07,0.07,0.07
"11",0.36,0.36,0.36,0.36,0.36,0.73,0.73,0.73,0.73,0.73,3.19,3.19,3.19,3.19,3.19,0.79,0.79,0.79,0.79,0.79,0.17,0.17,0.17,0.17,0.17,0.14,0.14,0.14,0.14,0.14,0.32,0.32,0.32,0.32,0.32,0.51,0.51,0.51,0.51,0.51,0.69,0.69,0.69,0.69,0.69,0.27,0.27,0.27,0.27,0.27,0.2,0.2,0.2,0.2,0.2,0.19,0.19,0.19,0.19,0.19,0.17,0.17,0.17,0.17,0.17,0.26,0.26,0.26,0.26,0.26,0.17,0.17,0.17,0.17,0.17,0.17,0.17,0.17,0.17,0.17,0.17,0.17,0.17,0.17,0.17,0.17,0.17,0.17,0.17,0.17,0.17,0.17,0.17,0.17,0.17,0.17,0.17,0.17,0.17,0.17
"12",0.36,0.36,0.36,0.36,0.36,0.73,0.73,0.73,0.73,0.73,3.19,3.19,3.19,3.19,3.19,0.79,0.79,0.79,0.79,0.79,0.17,0.17,0.17,0.17,0.17,0.14,0.14,0.14,0.14,0.14,0.32,0.32,0.32,0.32,0.32,0.51,0.51,0.51,0.51,0.51,0.69,0.69,0.69,0.69,0.69,0.27,0.27,0.27,0.27,0.27,0.2,0.2,0.2,0.2,0.2,0.19,0.19,0.19,0.19,0.19,0.17,0.17,0.17,0.17,0.17,0.26,0.26,0.26,0.26,0.26,0.17,0.17,0.17,0.17,0.17,0.17,0.17,0.17,0.17,0.17,0.17,0.17,0.17,0.17,0.17,0.17,0.17,0.17,0.17,0.17,0.17,0.17,0.17,0.17,0.17,0.17,0.17,0.17,0.17,0.17
"13",0.36,0.36,0.36,0.36,0.36,0.73,0.73,0.73,0.73,0.73,3.19,3.19,3.19,3.19,3.19,0.79,0.79,0.79,0.79,0.79,0.17,0.17,0.17,0.17,0.17,0.14,0.14,0.14,0.14,0.14,0.32,0.32,0.32,0.32,0.32,0.51,0.51,0.51,0.51,0.51,0.69,0.69,0.69,0.69,0.69,0.27,0.27,0.27,0.27,0.27,0.2,0.2,0.2,0.2,0.2,0.19,0.19,0.19,0.19,0.19,0.17,0.17,0.17,0.17,0.17,0.26,0.26,0.26,0.26,0.26,0.17,0.17,0.17,0.17,0.17,0.17,0.17,0.17,0.17,0.17,0.17,0.17,0.17,0.17,0.17,0.17,0.17,0.17,0.17,0.17,0.17,0.17,0.17,0.17,0.17,0.17,0.17,0.17,0.17,0.17
"14",0.36,0.36,0.36,0.36,0.36,0.73,0.73,0.73,0.73,0.73,3.19,3.19,3.19,3.19,3.19,0.79,0.79,0.79,0.79,0.79,0.17,0.17,0.17,0.17,0.17,0.14,0.14,0.14,0.14,0.14,0.32,0.32,0.32,0.32,0.32,0.51,0.51,0.51,0.51,0.51,0.69,0.69,0.69,0.69,0.69,0.27,0.27,0.27,0.27,0.27,0.2,0.2,0.2,0.2,0.2,0.19,0.19,0.19,0.19,0.19,0.17,0.17,0.17,0.17,0.17,0.26,0.26,0.26,0.26,0.26,0.17,0.17,0.17,0.17,0.17,0.17,0.17,0.17,0.17,0.17,0.17,0.17,0.17,0.17,0.17,0.17,0.17,0.17,0.17,0.17,0.17,0.17,0.17,0.17,0.17,0.17,0.17,0.17,0.17,0.17
"15",0.36,0.36,0.36,0.36,0.36,0.73,0.73,0.73,0.73,0.73,3.19,3.19,3.19,3.19,3.19,0.79,0.79,0.79,0.79,0.79,0.17,0.17,0.17,0.17,0.17,0.14,0.14,0.14,0.14,0.14,0.32,0.32,0.32,0.32,0.32,0.51,0.51,0.51,0.51,0.51,0.69,0.69,0.69,0.69,0.69,0.27,0.27,0.27,0.27,0.27,0.2,0.2,0.2,0.2,0.2,0.19,0.19,0.19,0.19,0.19,0.17,0.17,0.17,0.17,0.17,0.26,0.26,0.26,0.26,0.26,0.17,0.17,0.17,0.17,0.17,0.17,0.17,0.17,0.17,0.17,0.17,0.17,0.17,0.17,0.17,0.17,0.17,0.17,0.17,0.17,0.17,0.17,0.17,0.17,0.17,0.17,0.17,0.17,0.17,0.17
"16",0.26,0.26,0.26,0.26,0.26,0.22,0.22,0.22,0.22,0.22,0.52,0.52,0.52,0.52,0.52,3.1,3.1,3.1,3.1,3.1,0.85,0.85,0.85,0.85,0.85,0.12,0.12,0.12,0.12,0.12,0.17,0.17,0.17,0.17,0.17,0.29,0.29,0.29,0.29,0.29,0.48,0.48,0.48,0.48,0.48,0.51,0.51,0.51,0.51,0.51,0.27,0.27,0.27,0.27,0.27,0.13,0.13,0.13,0.13,0.13,0.09,0.09,0.09,0.09,0.09,0.26,0.26,0.26,0.26,0.26,0.37,0.37,0.37,0.37,0.37,0.37,0.37,0.37,0.37,0.37,0.37,0.37,0.37,0.37,0.37,0.37,0.37,0.37,0.37,0.37,0.37,0.37,0.37,0.37,0.37,0.37,0.37,0.37,0.37,0.37
"17",0.26,0.26,0.26,0.26,0.26,0.22,0.22,0.22,0.22,0.22,0.52,0.52,0.52,0.52,0.52,3.1,3.1,3.1,3.1,3.1,0.85,0.85,0.85,0.85,0.85,0.12,0.12,0.12,0.12,0.12,0.17,0.17,0.17,0.17,0.17,0.29,0.29,0.29,0.29,0.29,0.48,0.48,0.48,0.48,0.48,0.51,0.51,0.51,0.51,0.51,0.27,0.27,0.27,0.27,0.27,0.13,0.13,0.13,0.13,0.13,0.09,0.09,0.09,0.09,0.09,0.26,0.26,0.26,0.26,0.26,0.37,0.37,0.37,0.37,0.37,0.37,0.37,0.37,0.37,0.37,0.37,0.37,0.37,0.37,0.37,0.37,0.37,0.37,0.37,0.37,0.37,0.37,0.37,0.37,0.37,0.37,0.37,0.37,0.37,0.37
"18",0.26,0.26,0.26,0.26,0.26,0.22,0.22,0.22,0.22,0.22,0.52,0.52,0.52,0.52,0.52,3.1,3.1,3.1,3.1,3.1,0.85,0.85,0.85,0.85,0.85,0.12,0.12,0.12,0.12,0.12,0.17,0.17,0.17,0.17,0.17,0.29,0.29,0.29,0.29,0.29,0.48,0.48,0.48,0.48,0.48,0.51,0.51,0.51,0.51,0.51,0.27,0.27,0.27,0.27,0.27,0.13,0.13,0.13,0.13,0.13,0.09,0.09,0.09,0.09,0.09,0.26,0.26,0.26,0.26,0.26,0.37,0.37,0.37,0.37,0.37,0.37,0.37,0.37,0.37,0.37,0.37,0.37,0.37,0.37,0.37,0.37,0.37,0.37,0.37,0.37,0.37,0.37,0.37,0.37,0.37,0.37,0.37,0.37,0.37,0.37
"19",0.26,0.26,0.26,0.26,0.26,0.22,0.22,0.22,0.22,0.22,0.52,0.52,0.52,0.52,0.52,3.1,3.1,3.1,3.1,3.1,0.85,0.85,0.85,0.85,0.85,0.12,0.12,0.12,0.12,0.12,0.17,0.17,0.17,0.17,0.17,0.29,0.29,0.29,0.29,0.29,0.48,0.48,0.48,0.48,0.48,0.51,0.51,0.51,0.51,0.51,0.27,0.27,0.27,0.27,0.27,0.13,0.13,0.13,0.13,0.13,0.09,0.09,0.09,0.09,0.09,0.26,0.26,0.26,0.26,0.26,0.37,0.37,0.37,0.37,0.37,0.37,0.37,0.37,0.37,0.37,0.37,0.37,0.37,0.37,0.37,0.37,0.37,0.37,0.37,0.37,0.37,0.37,0.37,0.37,0.37,0.37,0.37,0.37,0.37,0.37
"20",0.26,0.26,0.26,0.26,0.26,0.22,0.22,0.22,0.22,0.22,0.52,0.52,0.52,0.52,0.52,3.1,3.1,3.1,3.1,3.1,0.85,0.85,0.85,0.85,0.85,0.12,0.12,0.12,0.12,0.12,0.17,0.17,0.17,0.17,0.17,0.29,0.29,0.29,0.29,0.29,0.48,0.48,0.48,0.48,0.48,0.51,0.51,0.51,0.51,0.51,0.27,0.27,0.27,0.27,0.27,0.13,0.13,0.13,0.13,0.13,0.09,0.09,0.09,0.09,0.09,0.26,0.26,0.26,0.26,0.26,0.37,0.37,0.37,0.37,0.37,0.37,0.37,0.37,0.37,0.37,0.37,0.37,0.37,0.37,0.37,0.37,0.37,0.37,0.37,0.37,0.37,0.37,0.37,0.37,0.37,0.37,0.37,0.37,0.37,0.37
"21",0.39,0.39,0.39,0.39,0.39,0.19,0.19,0.19,0.19,0.19,0.09,0.09,0.09,0.09,0.09,0.38,0.38,0.38,0.38,0.38,1.32,1.32,1.32,1.32,1.32,0.49,0.49,0.49,0.49,0.49,0.28,0.28,0.28,0.28,0.28,0.16,0.16,0.16,0.16,0.16,0.23,0.23,0.23,0.23,0.23,0.44,0.44,0.44,0.44,0.44,0.2,0.2,0.2,0.2,0.2,0.28,0.28,0.28,0.28,0.28,0.11,0.11,0.11,0.11,0.11,0.15,0.15,0.15,0.15,0.15,0,0,0,0,0,0,0,0,0,0,0,0,0,0,0,0,0,0,0,0,0,0,0,0,0,0,0,0,0,0
"22",0.39,0.39,0.39,0.39,0.39,0.19,0.19,0.19,0.19,0.19,0.09,0.09,0.09,0.09,0.09,0.38,0.38,0.38,0.38,0.38,1.32,1.32,1.32,1.32,1.32,0.49,0.49,0.49,0.49,0.49,0.28,0.28,0.28,0.28,0.28,0.16,0.16,0.16,0.16,0.16,0.23,0.23,0.23,0.23,0.23,0.44,0.44,0.44,0.44,0.44,0.2,0.2,0.2,0.2,0.2,0.28,0.28,0.28,0.28,0.28,0.11,0.11,0.11,0.11,0.11,0.15,0.15,0.15,0.15,0.15,0,0,0,0,0,0,0,0,0,0,0,0,0,0,0,0,0,0,0,0,0,0,0,0,0,0,0,0,0,0
"23",0.39,0.39,0.39,0.39,0.39,0.19,0.19,0.19,0.19,0.19,0.09,0.09,0.09,0.09,0.09,0.38,0.38,0.38,0.38,0.38,1.32,1.32,1.32,1.32,1.32,0.49,0.49,0.49,0.49,0.49,0.28,0.28,0.28,0.28,0.28,0.16,0.16,0.16,0.16,0.16,0.23,0.23,0.23,0.23,0.23,0.44,0.44,0.44,0.44,0.44,0.2,0.2,0.2,0.2,0.2,0.28,0.28,0.28,0.28,0.28,0.11,0.11,0.11,0.11,0.11,0.15,0.15,0.15,0.15,0.15,0,0,0,0,0,0,0,0,0,0,0,0,0,0,0,0,0,0,0,0,0,0,0,0,0,0,0,0,0,0
"24",0.39,0.39,0.39,0.39,0.39,0.19,0.19,0.19,0.19,0.19,0.09,0.09,0.09,0.09,0.09,0.38,0.38,0.38,0.38,0.38,1.32,1.32,1.32,1.32,1.32,0.49,0.49,0.49,0.49,0.49,0.28,0.28,0.28,0.28,0.28,0.16,0.16,0.16,0.16,0.16,0.23,0.23,0.23,0.23,0.23,0.44,0.44,0.44,0.44,0.44,0.2,0.2,0.2,0.2,0.2,0.28,0.28,0.28,0.28,0.28,0.11,0.11,0.11,0.11,0.11,0.15,0.15,0.15,0.15,0.15,0,0,0,0,0,0,0,0,0,0,0,0,0,0,0,0,0,0,0,0,0,0,0,0,0,0,0,0,0,0
"25",0.39,0.39,0.39,0.39,0.39,0.19,0.19,0.19,0.19,0.19,0.09,0.09,0.09,0.09,0.09,0.38,0.38,0.38,0.38,0.38,1.32,1.32,1.32,1.32,1.32,0.49,0.49,0.49,0.49,0.49,0.28,0.28,0.28,0.28,0.28,0.16,0.16,0.16,0.16,0.16,0.23,0.23,0.23,0.23,0.23,0.44,0.44,0.44,0.44,0.44,0.2,0.2,0.2,0.2,0.2,0.28,0.28,0.28,0.28,0.28,0.11,0.11,0.11,0.11,0.11,0.15,0.15,0.15,0.15,0.15,0,0,0,0,0,0,0,0,0,0,0,0,0,0,0,0,0,0,0,0,0,0,0,0,0,0,0,0,0,0
"26",0.53,0.53,0.53,0.53,0.53,0.37,0.37,0.37,0.37,0.37,0.11,0.11,0.11,0.11,0.11,0.2,0.2,0.2,0.2,0.2,0.58,0.58,0.58,0.58,0.58,0.64,0.64,0.64,0.64,0.64,0.35,0.35,0.35,0.35,0.35,0.21,0.21,0.21,0.21,0.21,0.23,0.23,0.23,0.23,0.23,0.25,0.25,0.25,0.25,0.25,0.3,0.3,0.3,0.3,0.3,0.3,0.3,0.3,0.3,0.3,0.2,0.2,0.2,0.2,0.2,0.04,0.04,0.04,0.04,0.04,0.03,0.03,0.03,0.03,0.03,0.03,0.03,0.03,0.03,0.03,0.03,0.03,0.03,0.03,0.03,0.03,0.03,0.03,0.03,0.03,0.03,0.03,0.03,0.03,0.03,0.03,0.03,0.03,0.03,0.03
"27",0.53,0.53,0.53,0.53,0.53,0.37,0.37,0.37,0.37,0.37,0.11,0.11,0.11,0.11,0.11,0.2,0.2,0.2,0.2,0.2,0.58,0.58,0.58,0.58,0.58,0.64,0.64,0.64,0.64,0.64,0.35,0.35,0.35,0.35,0.35,0.21,0.21,0.21,0.21,0.21,0.23,0.23,0.23,0.23,0.23,0.25,0.25,0.25,0.25,0.25,0.3,0.3,0.3,0.3,0.3,0.3,0.3,0.3,0.3,0.3,0.2,0.2,0.2,0.2,0.2,0.04,0.04,0.04,0.04,0.04,0.03,0.03,0.03,0.03,0.03,0.03,0.03,0.03,0.03,0.03,0.03,0.03,0.03,0.03,0.03,0.03,0.03,0.03,0.03,0.03,0.03,0.03,0.03,0.03,0.03,0.03,0.03,0.03,0.03,0.03
"28",0.53,0.53,0.53,0.53,0.53,0.37,0.37,0.37,0.37,0.37,0.11,0.11,0.11,0.11,0.11,0.2,0.2,0.2,0.2,0.2,0.58,0.58,0.58,0.58,0.58,0.64,0.64,0.64,0.64,0.64,0.35,0.35,0.35,0.35,0.35,0.21,0.21,0.21,0.21,0.21,0.23,0.23,0.23,0.23,0.23,0.25,0.25,0.25,0.25,0.25,0.3,0.3,0.3,0.3,0.3,0.3,0.3,0.3,0.3,0.3,0.2,0.2,0.2,0.2,0.2,0.04,0.04,0.04,0.04,0.04,0.03,0.03,0.03,0.03,0.03,0.03,0.03,0.03,0.03,0.03,0.03,0.03,0.03,0.03,0.03,0.03,0.03,0.03,0.03,0.03,0.03,0.03,0.03,0.03,0.03,0.03,0.03,0.03,0.03,0.03
"29",0.53,0.53,0.53,0.53,0.53,0.37,0.37,0.37,0.37,0.37,0.11,0.11,0.11,0.11,0.11,0.2,0.2,0.2,0.2,0.2,0.58,0.58,0.58,0.58,0.58,0.64,0.64,0.64,0.64,0.64,0.35,0.35,0.35,0.35,0.35,0.21,0.21,0.21,0.21,0.21,0.23,0.23,0.23,0.23,0.23,0.25,0.25,0.25,0.25,0.25,0.3,0.3,0.3,0.3,0.3,0.3,0.3,0.3,0.3,0.3,0.2,0.2,0.2,0.2,0.2,0.04,0.04,0.04,0.04,0.04,0.03,0.03,0.03,0.03,0.03,0.03,0.03,0.03,0.03,0.03,0.03,0.03,0.03,0.03,0.03,0.03,0.03,0.03,0.03,0.03,0.03,0.03,0.03,0.03,0.03,0.03,0.03,0.03,0.03,0.03
"30",0.53,0.53,0.53,0.53,0.53,0.37,0.37,0.37,0.37,0.37,0.11,0.11,0.11,0.11,0.11,0.2,0.2,0.2,0.2,0.2,0.58,0.58,0.58,0.58,0.58,0.64,0.64,0.64,0.64,0.64,0.35,0.35,0.35,0.35,0.35,0.21,0.21,0.21,0.21,0.21,0.23,0.23,0.23,0.23,0.23,0.25,0.25,0.25,0.25,0.25,0.3,0.3,0.3,0.3,0.3,0.3,0.3,0.3,0.3,0.3,0.2,0.2,0.2,0.2,0.2,0.04,0.04,0.04,0.04,0.04,0.03,0.03,0.03,0.03,0.03,0.03,0.03,0.03,0.03,0.03,0.03,0.03,0.03,0.03,0.03,0.03,0.03,0.03,0.03,0.03,0.03,0.03,0.03,0.03,0.03,0.03,0.03,0.03,0.03,0.03
"31",0.77,0.77,0.77,0.77,0.77,0.72,0.72,0.72,0.72,0.72,0.29,0.29,0.29,0.29,0.29,0.17,0.17,0.17,0.17,0.17,0.31,0.31,0.31,0.31,0.31,0.42,0.42,0.42,0.42,0.42,0.8,0.8,0.8,0.8,0.8,0.21,0.21,0.21,0.21,0.21,0.27,0.27,0.27,0.27,0.27,0.38,0.38,0.38,0.38,0.38,0.23,0.23,0.23,0.23,0.23,0.2,0.2,0.2,0.2,0.2,0.23,0.23,0.23,0.23,0.23,0.15,0.15,0.15,0.15,0.15,0.07,0.07,0.07,0.07,0.07,0.07,0.07,0.07,0.07,0.07,0.07,0.07,0.07,0.07,0.07,0.07,0.07,0.07,0.07,0.07,0.07,0.07,0.07,0.07,0.07,0.07,0.07,0.07,0.07,0.07
"32",0.77,0.77,0.77,0.77,0.77,0.72,0.72,0.72,0.72,0.72,0.29,0.29,0.29,0.29,0.29,0.17,0.17,0.17,0.17,0.17,0.31,0.31,0.31,0.31,0.31,0.42,0.42,0.42,0.42,0.42,0.8,0.8,0.8,0.8,0.8,0.21,0.21,0.21,0.21,0.21,0.27,0.27,0.27,0.27,0.27,0.38,0.38,0.38,0.38,0.38,0.23,0.23,0.23,0.23,0.23,0.2,0.2,0.2,0.2,0.2,0.23,0.23,0.23,0.23,0.23,0.15,0.15,0.15,0.15,0.15,0.07,0.07,0.07,0.07,0.07,0.07,0.07,0.07,0.07,0.07,0.07,0.07,0.07,0.07,0.07,0.07,0.07,0.07,0.07,0.07,0.07,0.07,0.07,0.07,0.07,0.07,0.07,0.07,0.07,0.07
"33",0.77,0.77,0.77,0.77,0.77,0.72,0.72,0.72,0.72,0.72,0.29,0.29,0.29,0.29,0.29,0.17,0.17,0.17,0.17,0.17,0.31,0.31,0.31,0.31,0.31,0.42,0.42,0.42,0.42,0.42,0.8,0.8,0.8,0.8,0.8,0.21,0.21,0.21,0.21,0.21,0.27,0.27,0.27,0.27,0.27,0.38,0.38,0.38,0.38,0.38,0.23,0.23,0.23,0.23,0.23,0.2,0.2,0.2,0.2,0.2,0.23,0.23,0.23,0.23,0.23,0.15,0.15,0.15,0.15,0.15,0.07,0.07,0.07,0.07,0.07,0.07,0.07,0.07,0.07,0.07,0.07,0.07,0.07,0.07,0.07,0.07,0.07,0.07,0.07,0.07,0.07,0.07,0.07,0.07,0.07,0.07,0.07,0.07,0.07,0.07
"34",0.77,0.77,0.77,0.77,0.77,0.72,0.72,0.72,0.72,0.72,0.29,0.29,0.29,0.29,0.29,0.17,0.17,0.17,0.17,0.17,0.31,0.31,0.31,0.31,0.31,0.42,0.42,0.42,0.42,0.42,0.8,0.8,0.8,0.8,0.8,0.21,0.21,0.21,0.21,0.21,0.27,0.27,0.27,0.27,0.27,0.38,0.38,0.38,0.38,0.38,0.23,0.23,0.23,0.23,0.23,0.2,0.2,0.2,0.2,0.2,0.23,0.23,0.23,0.23,0.23,0.15,0.15,0.15,0.15,0.15,0.07,0.07,0.07,0.07,0.07,0.07,0.07,0.07,0.07,0.07,0.07,0.07,0.07,0.07,0.07,0.07,0.07,0.07,0.07,0.07,0.07,0.07,0.07,0.07,0.07,0.07,0.07,0.07,0.07,0.07
"35",0.77,0.77,0.77,0.77,0.77,0.72,0.72,0.72,0.72,0.72,0.29,0.29,0.29,0.29,0.29,0.17,0.17,0.17,0.17,0.17,0.31,0.31,0.31,0.31,0.31,0.42,0.42,0.42,0.42,0.42,0.8,0.8,0.8,0.8,0.8,0.21,0.21,0.21,0.21,0.21,0.27,0.27,0.27,0.27,0.27,0.38,0.38,0.38,0.38,0.38,0.23,0.23,0.23,0.23,0.23,0.2,0.2,0.2,0.2,0.2,0.23,0.23,0.23,0.23,0.23,0.15,0.15,0.15,0.15,0.15,0.07,0.07,0.07,0.07,0.07,0.07,0.07,0.07,0.07,0.07,0.07,0.07,0.07,0.07,0.07,0.07,0.07,0.07,0.07,0.07,0.07,0.07,0.07,0.07,0.07,0.07,0.07,0.07,0.07,0.07
"36",0.73,0.73,0.73,0.73,0.73,0.65,0.65,0.65,0.65,0.65,0.61,0.61,0.61,0.61,0.61,0.35,0.35,0.35,0.35,0.35,0.2,0.2,0.2,0.2,0.2,0.24,0.24,0.24,0.24,0.24,0.47,0.47,0.47,0.47,0.47,0.76,0.76,0.76,0.76,0.76,0.47,0.47,0.47,0.47,0.47,0.29,0.29,0.29,0.29,0.29,0.18,0.18,0.18,0.18,0.18,0.11,0.11,0.11,0.11,0.11,0.32,0.32,0.32,0.32,0.32,0.04,0.04,0.04,0.04,0.04,0.03,0.03,0.03,0.03,0.03,0.03,0.03,0.03,0.03,0.03,0.03,0.03,0.03,0.03,0.03,0.03,0.03,0.03,0.03,0.03,0.03,0.03,0.03,0.03,0.03,0.03,0.03,0.03,0.03,0.03
"37",0.73,0.73,0.73,0.73,0.73,0.65,0.65,0.65,0.65,0.65,0.61,0.61,0.61,0.61,0.61,0.35,0.35,0.35,0.35,0.35,0.2,0.2,0.2,0.2,0.2,0.24,0.24,0.24,0.24,0.24,0.47,0.47,0.47,0.47,0.47,0.76,0.76,0.76,0.76,0.76,0.47,0.47,0.47,0.47,0.47,0.29,0.29,0.29,0.29,0.29,0.18,0.18,0.18,0.18,0.18,0.11,0.11,0.11,0.11,0.11,0.32,0.32,0.32,0.32,0.32,0.04,0.04,0.04,0.04,0.04,0.03,0.03,0.03,0.03,0.03,0.03,0.03,0.03,0.03,0.03,0.03,0.03,0.03,0.03,0.03,0.03,0.03,0.03,0.03,0.03,0.03,0.03,0.03,0.03,0.03,0.03,0.03,0.03,0.03,0.03
"38",0.73,0.73,0.73,0.73,0.73,0.65,0.65,0.65,0.65,0.65,0.61,0.61,0.61,0.61,0.61,0.35,0.35,0.35,0.35,0.35,0.2,0.2,0.2,0.2,0.2,0.24,0.24,0.24,0.24,0.24,0.47,0.47,0.47,0.47,0.47,0.76,0.76,0.76,0.76,0.76,0.47,0.47,0.47,0.47,0.47,0.29,0.29,0.29,0.29,0.29,0.18,0.18,0.18,0.18,0.18,0.11,0.11,0.11,0.11,0.11,0.32,0.32,0.32,0.32,0.32,0.04,0.04,0.04,0.04,0.04,0.03,0.03,0.03,0.03,0.03,0.03,0.03,0.03,0.03,0.03,0.03,0.03,0.03,0.03,0.03,0.03,0.03,0.03,0.03,0.03,0.03,0.03,0.03,0.03,0.03,0.03,0.03,0.03,0.03,0.03
"39",0.73,0.73,0.73,0.73,0.73,0.65,0.65,0.65,0.65,0.65,0.61,0.61,0.61,0.61,0.61,0.35,0.35,0.35,0.35,0.35,0.2,0.2,0.2,0.2,0.2,0.24,0.24,0.24,0.24,0.24,0.47,0.47,0.47,0.47,0.47,0.76,0.76,0.76,0.76,0.76,0.47,0.47,0.47,0.47,0.47,0.29,0.29,0.29,0.29,0.29,0.18,0.18,0.18,0.18,0.18,0.11,0.11,0.11,0.11,0.11,0.32,0.32,0.32,0.32,0.32,0.04,0.04,0.04,0.04,0.04,0.03,0.03,0.03,0.03,0.03,0.03,0.03,0.03,0.03,0.03,0.03,0.03,0.03,0.03,0.03,0.03,0.03,0.03,0.03,0.03,0.03,0.03,0.03,0.03,0.03,0.03,0.03,0.03,0.03,0.03
"40",0.73,0.73,0.73,0.73,0.73,0.65,0.65,0.65,0.65,0.65,0.61,0.61,0.61,0.61,0.61,0.35,0.35,0.35,0.35,0.35,0.2,0.2,0.2,0.2,0.2,0.24,0.24,0.24,0.24,0.24,0.47,0.47,0.47,0.47,0.47,0.76,0.76,0.76,0.76,0.76,0.47,0.47,0.47,0.47,0.47,0.29,0.29,0.29,0.29,0.29,0.18,0.18,0.18,0.18,0.18,0.11,0.11,0.11,0.11,0.11,0.32,0.32,0.32,0.32,0.32,0.04,0.04,0.04,0.04,0.04,0.03,0.03,0.03,0.03,0.03,0.03,0.03,0.03,0.03,0.03,0.03,0.03,0.03,0.03,0.03,0.03,0.03,0.03,0.03,0.03,0.03,0.03,0.03,0.03,0.03,0.03,0.03,0.03,0.03,0.03
"41",0.38,0.38,0.38,0.38,0.38,0.59,0.59,0.59,0.59,0.59,0.58,0.58,0.58,0.58,0.58,0.47,0.47,0.47,0.47,0.47,0.27,0.27,0.27,0.27,0.27,0.29,0.29,0.29,0.29,0.29,0.25,0.25,0.25,0.25,0.25,0.49,0.49,0.49,0.49,0.49,0.45,0.45,0.45,0.45,0.45,0.4,0.4,0.4,0.4,0.4,0.12,0.12,0.12,0.12,0.12,0.19,0.19,0.19,0.19,0.19,0.23,0.23,0.23,0.23,0.23,0.15,0.15,0.15,0.15,0.15,0.3,0.3,0.3,0.3,0.3,0.3,0.3,0.3,0.3,0.3,0.3,0.3,0.3,0.3,0.3,0.3,0.3,0.3,0.3,0.3,0.3,0.3,0.3,0.3,0.3,0.3,0.3,0.3,0.3,0.3
"42",0.38,0.38,0.38,0.38,0.38,0.59,0.59,0.59,0.59,0.59,0.58,0.58,0.58,0.58,0.58,0.47,0.47,0.47,0.47,0.47,0.27,0.27,0.27,0.27,0.27,0.29,0.29,0.29,0.29,0.29,0.25,0.25,0.25,0.25,0.25,0.49,0.49,0.49,0.49,0.49,0.45,0.45,0.45,0.45,0.45,0.4,0.4,0.4,0.4,0.4,0.12,0.12,0.12,0.12,0.12,0.19,0.19,0.19,0.19,0.19,0.23,0.23,0.23,0.23,0.23,0.15,0.15,0.15,0.15,0.15,0.3,0.3,0.3,0.3,0.3,0.3,0.3,0.3,0.3,0.3,0.3,0.3,0.3,0.3,0.3,0.3,0.3,0.3,0.3,0.3,0.3,0.3,0.3,0.3,0.3,0.3,0.3,0.3,0.3,0.3
"43",0.38,0.38,0.38,0.38,0.38,0.59,0.59,0.59,0.59,0.59,0.58,0.58,0.58,0.58,0.58,0.47,0.47,0.47,0.47,0.47,0.27,0.27,0.27,0.27,0.27,0.29,0.29,0.29,0.29,0.29,0.25,0.25,0.25,0.25,0.25,0.49,0.49,0.49,0.49,0.49,0.45,0.45,0.45,0.45,0.45,0.4,0.4,0.4,0.4,0.4,0.12,0.12,0.12,0.12,0.12,0.19,0.19,0.19,0.19,0.19,0.23,0.23,0.23,0.23,0.23,0.15,0.15,0.15,0.15,0.15,0.3,0.3,0.3,0.3,0.3,0.3,0.3,0.3,0.3,0.3,0.3,0.3,0.3,0.3,0.3,0.3,0.3,0.3,0.3,0.3,0.3,0.3,0.3,0.3,0.3,0.3,0.3,0.3,0.3,0.3
"44",0.38,0.38,0.38,0.38,0.38,0.59,0.59,0.59,0.59,0.59,0.58,0.58,0.58,0.58,0.58,0.47,0.47,0.47,0.47,0.47,0.27,0.27,0.27,0.27,0.27,0.29,0.29,0.29,0.29,0.29,0.25,0.25,0.25,0.25,0.25,0.49,0.49,0.49,0.49,0.49,0.45,0.45,0.45,0.45,0.45,0.4,0.4,0.4,0.4,0.4,0.12,0.12,0.12,0.12,0.12,0.19,0.19,0.19,0.19,0.19,0.23,0.23,0.23,0.23,0.23,0.15,0.15,0.15,0.15,0.15,0.3,0.3,0.3,0.3,0.3,0.3,0.3,0.3,0.3,0.3,0.3,0.3,0.3,0.3,0.3,0.3,0.3,0.3,0.3,0.3,0.3,0.3,0.3,0.3,0.3,0.3,0.3,0.3,0.3,0.3
"45",0.38,0.38,0.38,0.38,0.38,0.59,0.59,0.59,0.59,0.59,0.58,0.58,0.58,0.58,0.58,0.47,0.47,0.47,0.47,0.47,0.27,0.27,0.27,0.27,0.27,0.29,0.29,0.29,0.29,0.29,0.25,0.25,0.25,0.25,0.25,0.49,0.49,0.49,0.49,0.49,0.45,0.45,0.45,0.45,0.45,0.4,0.4,0.4,0.4,0.4,0.12,0.12,0.12,0.12,0.12,0.19,0.19,0.19,0.19,0.19,0.23,0.23,0.23,0.23,0.23,0.15,0.15,0.15,0.15,0.15,0.3,0.3,0.3,0.3,0.3,0.3,0.3,0.3,0.3,0.3,0.3,0.3,0.3,0.3,0.3,0.3,0.3,0.3,0.3,0.3,0.3,0.3,0.3,0.3,0.3,0.3,0.3,0.3,0.3,0.3
"46",0.22,0.22,0.22,0.22,0.22,0.23,0.23,0.23,0.23,0.23,0.22,0.22,0.22,0.22,0.22,0.34,0.34,0.34,0.34,0.34,0.46,0.46,0.46,0.46,0.46,0.29,0.29,0.29,0.29,0.29,0.17,0.17,0.17,0.17,0.17,0.17,0.17,0.17,0.17,0.17,0.35,0.35,0.35,0.35,0.35,0.58,0.58,0.58,0.58,0.58,0.15,0.15,0.15,0.15,0.15,0.19,0.19,0.19,0.19,0.19,0.14,0.14,0.14,0.14,0.14,0.11,0.11,0.11,0.11,0.11,0.2,0.2,0.2,0.2,0.2,0.2,0.2,0.2,0.2,0.2,0.2,0.2,0.2,0.2,0.2,0.2,0.2,0.2,0.2,0.2,0.2,0.2,0.2,0.2,0.2,0.2,0.2,0.2,0.2,0.2
"47",0.22,0.22,0.22,0.22,0.22,0.23,0.23,0.23,0.23,0.23,0.22,0.22,0.22,0.22,0.22,0.34,0.34,0.34,0.34,0.34,0.46,0.46,0.46,0.46,0.46,0.29,0.29,0.29,0.29,0.29,0.17,0.17,0.17,0.17,0.17,0.17,0.17,0.17,0.17,0.17,0.35,0.35,0.35,0.35,0.35,0.58,0.58,0.58,0.58,0.58,0.15,0.15,0.15,0.15,0.15,0.19,0.19,0.19,0.19,0.19,0.14,0.14,0.14,0.14,0.14,0.11,0.11,0.11,0.11,0.11,0.2,0.2,0.2,0.2,0.2,0.2,0.2,0.2,0.2,0.2,0.2,0.2,0.2,0.2,0.2,0.2,0.2,0.2,0.2,0.2,0.2,0.2,0.2,0.2,0.2,0.2,0.2,0.2,0.2,0.2
"48",0.22,0.22,0.22,0.22,0.22,0.23,0.23,0.23,0.23,0.23,0.22,0.22,0.22,0.22,0.22,0.34,0.34,0.34,0.34,0.34,0.46,0.46,0.46,0.46,0.46,0.29,0.29,0.29,0.29,0.29,0.17,0.17,0.17,0.17,0.17,0.17,0.17,0.17,0.17,0.17,0.35,0.35,0.35,0.35,0.35,0.58,0.58,0.58,0.58,0.58,0.15,0.15,0.15,0.15,0.15,0.19,0.19,0.19,0.19,0.19,0.14,0.14,0.14,0.14,0.14,0.11,0.11,0.11,0.11,0.11,0.2,0.2,0.2,0.2,0.2,0.2,0.2,0.2,0.2,0.2,0.2,0.2,0.2,0.2,0.2,0.2,0.2,0.2,0.2,0.2,0.2,0.2,0.2,0.2,0.2,0.2,0.2,0.2,0.2,0.2
"49",0.22,0.22,0.22,0.22,0.22,0.23,0.23,0.23,0.23,0.23,0.22,0.22,0.22,0.22,0.22,0.34,0.34,0.34,0.34,0.34,0.46,0.46,0.46,0.46,0.46,0.29,0.29,0.29,0.29,0.29,0.17,0.17,0.17,0.17,0.17,0.17,0.17,0.17,0.17,0.17,0.35,0.35,0.35,0.35,0.35,0.58,0.58,0.58,0.58,0.58,0.15,0.15,0.15,0.15,0.15,0.19,0.19,0.19,0.19,0.19,0.14,0.14,0.14,0.14,0.14,0.11,0.11,0.11,0.11,0.11,0.2,0.2,0.2,0.2,0.2,0.2,0.2,0.2,0.2,0.2,0.2,0.2,0.2,0.2,0.2,0.2,0.2,0.2,0.2,0.2,0.2,0.2,0.2,0.2,0.2,0.2,0.2,0.2,0.2,0.2
"50",0.22,0.22,0.22,0.22,0.22,0.23,0.23,0.23,0.23,0.23,0.22,0.22,0.22,0.22,0.22,0.34,0.34,0.34,0.34,0.34,0.46,0.46,0.46,0.46,0.46,0.29,0.29,0.29,0.29,0.29,0.17,0.17,0.17,0.17,0.17,0.17,0.17,0.17,0.17,0.17,0.35,0.35,0.35,0.35,0.35,0.58,0.58,0.58,0.58,0.58,0.15,0.15,0.15,0.15,0.15,0.19,0.19,0.19,0.19,0.19,0.14,0.14,0.14,0.14,0.14,0.11,0.11,0.11,0.11,0.11,0.2,0.2,0.2,0.2,0.2,0.2,0.2,0.2,0.2,0.2,0.2,0.2,0.2,0.2,0.2,0.2,0.2,0.2,0.2,0.2,0.2,0.2,0.2,0.2,0.2,0.2,0.2,0.2,0.2,0.2
"51",0.26,0.26,0.26,0.26,0.26,0.21,0.21,0.21,0.21,0.21,0.14,0.14,0.14,0.14,0.14,0.17,0.17,0.17,0.17,0.17,0.22,0.22,0.22,0.22,0.22,0.17,0.17,0.17,0.17,0.17,0.15,0.15,0.15,0.15,0.15,0.14,0.14,0.14,0.14,0.14,0.19,0.19,0.19,0.19,0.19,0.27,0.27,0.27,0.27,0.27,0.33,0.33,0.33,0.33,0.33,0.35,0.35,0.35,0.35,0.35,0.2,0.2,0.2,0.2,0.2,0.04,0.04,0.04,0.04,0.04,0.07,0.07,0.07,0.07,0.07,0.07,0.07,0.07,0.07,0.07,0.07,0.07,0.07,0.07,0.07,0.07,0.07,0.07,0.07,0.07,0.07,0.07,0.07,0.07,0.07,0.07,0.07,0.07,0.07,0.07
"52",0.26,0.26,0.26,0.26,0.26,0.21,0.21,0.21,0.21,0.21,0.14,0.14,0.14,0.14,0.14,0.17,0.17,0.17,0.17,0.17,0.22,0.22,0.22,0.22,0.22,0.17,0.17,0.17,0.17,0.17,0.15,0.15,0.15,0.15,0.15,0.14,0.14,0.14,0.14,0.14,0.19,0.19,0.19,0.19,0.19,0.27,0.27,0.27,0.27,0.27,0.33,0.33,0.33,0.33,0.33,0.35,0.35,0.35,0.35,0.35,0.2,0.2,0.2,0.2,0.2,0.04,0.04,0.04,0.04,0.04,0.07,0.07,0.07,0.07,0.07,0.07,0.07,0.07,0.07,0.07,0.07,0.07,0.07,0.07,0.07,0.07,0.07,0.07,0.07,0.07,0.07,0.07,0.07,0.07,0.07,0.07,0.07,0.07,0.07,0.07
"53",0.26,0.26,0.26,0.26,0.26,0.21,0.21,0.21,0.21,0.21,0.14,0.14,0.14,0.14,0.14,0.17,0.17,0.17,0.17,0.17,0.22,0.22,0.22,0.22,0.22,0.17,0.17,0.17,0.17,0.17,0.15,0.15,0.15,0.15,0.15,0.14,0.14,0.14,0.14,0.14,0.19,0.19,0.19,0.19,0.19,0.27,0.27,0.27,0.27,0.27,0.33,0.33,0.33,0.33,0.33,0.35,0.35,0.35,0.35,0.35,0.2,0.2,0.2,0.2,0.2,0.04,0.04,0.04,0.04,0.04,0.07,0.07,0.07,0.07,0.07,0.07,0.07,0.07,0.07,0.07,0.07,0.07,0.07,0.07,0.07,0.07,0.07,0.07,0.07,0.07,0.07,0.07,0.07,0.07,0.07,0.07,0.07,0.07,0.07,0.07
"54",0.26,0.26,0.26,0.26,0.26,0.21,0.21,0.21,0.21,0.21,0.14,0.14,0.14,0.14,0.14,0.17,0.17,0.17,0.17,0.17,0.22,0.22,0.22,0.22,0.22,0.17,0.17,0.17,0.17,0.17,0.15,0.15,0.15,0.15,0.15,0.14,0.14,0.14,0.14,0.14,0.19,0.19,0.19,0.19,0.19,0.27,0.27,0.27,0.27,0.27,0.33,0.33,0.33,0.33,0.33,0.35,0.35,0.35,0.35,0.35,0.2,0.2,0.2,0.2,0.2,0.04,0.04,0.04,0.04,0.04,0.07,0.07,0.07,0.07,0.07,0.07,0.07,0.07,0.07,0.07,0.07,0.07,0.07,0.07,0.07,0.07,0.07,0.07,0.07,0.07,0.07,0.07,0.07,0.07,0.07,0.07,0.07,0.07,0.07,0.07
"55",0.26,0.26,0.26,0.26,0.26,0.21,0.21,0.21,0.21,0.21,0.14,0.14,0.14,0.14,0.14,0.17,0.17,0.17,0.17,0.17,0.22,0.22,0.22,0.22,0.22,0.17,0.17,0.17,0.17,0.17,0.15,0.15,0.15,0.15,0.15,0.14,0.14,0.14,0.14,0.14,0.19,0.19,0.19,0.19,0.19,0.27,0.27,0.27,0.27,0.27,0.33,0.33,0.33,0.33,0.33,0.35,0.35,0.35,0.35,0.35,0.2,0.2,0.2,0.2,0.2,0.04,0.04,0.04,0.04,0.04,0.07,0.07,0.07,0.07,0.07,0.07,0.07,0.07,0.07,0.07,0.07,0.07,0.07,0.07,0.07,0.07,0.07,0.07,0.07,0.07,0.07,0.07,0.07,0.07,0.07,0.07,0.07,0.07,0.07,0.07
"56",0.22,0.22,0.22,0.22,0.22,0.12,0.12,0.12,0.12,0.12,0.1,0.1,0.1,0.1,0.1,0.1,0.1,0.1,0.1,0.1,0.14,0.14,0.14,0.14,0.14,0.22,0.22,0.22,0.22,0.22,0.13,0.13,0.13,0.13,0.13,0.21,0.21,0.21,0.21,0.21,0.05,0.05,0.05,0.05,0.05,0.25,0.25,0.25,0.25,0.25,0.17,0.17,0.17,0.17,0.17,0.52,0.52,0.52,0.52,0.52,0.32,0.32,0.32,0.32,0.32,0.44,0.44,0.44,0.44,0.44,0.1,0.1,0.1,0.1,0.1,0.1,0.1,0.1,0.1,0.1,0.1,0.1,0.1,0.1,0.1,0.1,0.1,0.1,0.1,0.1,0.1,0.1,0.1,0.1,0.1,0.1,0.1,0.1,0.1,0.1
"57",0.22,0.22,0.22,0.22,0.22,0.12,0.12,0.12,0.12,0.12,0.1,0.1,0.1,0.1,0.1,0.1,0.1,0.1,0.1,0.1,0.14,0.14,0.14,0.14,0.14,0.22,0.22,0.22,0.22,0.22,0.13,0.13,0.13,0.13,0.13,0.21,0.21,0.21,0.21,0.21,0.05,0.05,0.05,0.05,0.05,0.25,0.25,0.25,0.25,0.25,0.17,0.17,0.17,0.17,0.17,0.52,0.52,0.52,0.52,0.52,0.32,0.32,0.32,0.32,0.32,0.44,0.44,0.44,0.44,0.44,0.1,0.1,0.1,0.1,0.1,0.1,0.1,0.1,0.1,0.1,0.1,0.1,0.1,0.1,0.1,0.1,0.1,0.1,0.1,0.1,0.1,0.1,0.1,0.1,0.1,0.1,0.1,0.1,0.1,0.1
"58",0.22,0.22,0.22,0.22,0.22,0.12,0.12,0.12,0.12,0.12,0.1,0.1,0.1,0.1,0.1,0.1,0.1,0.1,0.1,0.1,0.14,0.14,0.14,0.14,0.14,0.22,0.22,0.22,0.22,0.22,0.13,0.13,0.13,0.13,0.13,0.21,0.21,0.21,0.21,0.21,0.05,0.05,0.05,0.05,0.05,0.25,0.25,0.25,0.25,0.25,0.17,0.17,0.17,0.17,0.17,0.52,0.52,0.52,0.52,0.52,0.32,0.32,0.32,0.32,0.32,0.44,0.44,0.44,0.44,0.44,0.1,0.1,0.1,0.1,0.1,0.1,0.1,0.1,0.1,0.1,0.1,0.1,0.1,0.1,0.1,0.1,0.1,0.1,0.1,0.1,0.1,0.1,0.1,0.1,0.1,0.1,0.1,0.1,0.1,0.1
"59",0.22,0.22,0.22,0.22,0.22,0.12,0.12,0.12,0.12,0.12,0.1,0.1,0.1,0.1,0.1,0.1,0.1,0.1,0.1,0.1,0.14,0.14,0.14,0.14,0.14,0.22,0.22,0.22,0.22,0.22,0.13,0.13,0.13,0.13,0.13,0.21,0.21,0.21,0.21,0.21,0.05,0.05,0.05,0.05,0.05,0.25,0.25,0.25,0.25,0.25,0.17,0.17,0.17,0.17,0.17,0.52,0.52,0.52,0.52,0.52,0.32,0.32,0.32,0.32,0.32,0.44,0.44,0.44,0.44,0.44,0.1,0.1,0.1,0.1,0.1,0.1,0.1,0.1,0.1,0.1,0.1,0.1,0.1,0.1,0.1,0.1,0.1,0.1,0.1,0.1,0.1,0.1,0.1,0.1,0.1,0.1,0.1,0.1,0.1,0.1
"60",0.22,0.22,0.22,0.22,0.22,0.12,0.12,0.12,0.12,0.12,0.1,0.1,0.1,0.1,0.1,0.1,0.1,0.1,0.1,0.1,0.14,0.14,0.14,0.14,0.14,0.22,0.22,0.22,0.22,0.22,0.13,0.13,0.13,0.13,0.13,0.21,0.21,0.21,0.21,0.21,0.05,0.05,0.05,0.05,0.05,0.25,0.25,0.25,0.25,0.25,0.17,0.17,0.17,0.17,0.17,0.52,0.52,0.52,0.52,0.52,0.32,0.32,0.32,0.32,0.32,0.44,0.44,0.44,0.44,0.44,0.1,0.1,0.1,0.1,0.1,0.1,0.1,0.1,0.1,0.1,0.1,0.1,0.1,0.1,0.1,0.1,0.1,0.1,0.1,0.1,0.1,0.1,0.1,0.1,0.1,0.1,0.1,0.1,0.1,0.1
"61",0.22,0.22,0.22,0.22,0.22,0.15,0.15,0.15,0.15,0.15,0.1,0.1,0.1,0.1,0.1,0.1,0.1,0.1,0.1,0.1,0.1,0.1,0.1,0.1,0.1,0.14,0.14,0.14,0.14,0.14,0.15,0.15,0.15,0.15,0.15,0.2,0.2,0.2,0.2,0.2,0.19,0.19,0.19,0.19,0.19,0.13,0.13,0.13,0.13,0.13,0.09,0.09,0.09,0.09,0.09,0.24,0.24,0.24,0.24,0.24,0.27,0.27,0.27,0.27,0.27,0.3,0.3,0.3,0.3,0.3,0.13,0.13,0.13,0.13,0.13,0.13,0.13,0.13,0.13,0.13,0.13,0.13,0.13,0.13,0.13,0.13,0.13,0.13,0.13,0.13,0.13,0.13,0.13,0.13,0.13,0.13,0.13,0.13,0.13,0.13
"62",0.22,0.22,0.22,0.22,0.22,0.15,0.15,0.15,0.15,0.15,0.1,0.1,0.1,0.1,0.1,0.1,0.1,0.1,0.1,0.1,0.1,0.1,0.1,0.1,0.1,0.14,0.14,0.14,0.14,0.14,0.15,0.15,0.15,0.15,0.15,0.2,0.2,0.2,0.2,0.2,0.19,0.19,0.19,0.19,0.19,0.13,0.13,0.13,0.13,0.13,0.09,0.09,0.09,0.09,0.09,0.24,0.24,0.24,0.24,0.24,0.27,0.27,0.27,0.27,0.27,0.3,0.3,0.3,0.3,0.3,0.13,0.13,0.13,0.13,0.13,0.13,0.13,0.13,0.13,0.13,0.13,0.13,0.13,0.13,0.13,0.13,0.13,0.13,0.13,0.13,0.13,0.13,0.13,0.13,0.13,0.13,0.13,0.13,0.13,0.13
"63",0.22,0.22,0.22,0.22,0.22,0.15,0.15,0.15,0.15,0.15,0.1,0.1,0.1,0.1,0.1,0.1,0.1,0.1,0.1,0.1,0.1,0.1,0.1,0.1,0.1,0.14,0.14,0.14,0.14,0.14,0.15,0.15,0.15,0.15,0.15,0.2,0.2,0.2,0.2,0.2,0.19,0.19,0.19,0.19,0.19,0.13,0.13,0.13,0.13,0.13,0.09,0.09,0.09,0.09,0.09,0.24,0.24,0.24,0.24,0.24,0.27,0.27,0.27,0.27,0.27,0.3,0.3,0.3,0.3,0.3,0.13,0.13,0.13,0.13,0.13,0.13,0.13,0.13,0.13,0.13,0.13,0.13,0.13,0.13,0.13,0.13,0.13,0.13,0.13,0.13,0.13,0.13,0.13,0.13,0.13,0.13,0.13,0.13,0.13,0.13
"64",0.22,0.22,0.22,0.22,0.22,0.15,0.15,0.15,0.15,0.15,0.1,0.1,0.1,0.1,0.1,0.1,0.1,0.1,0.1,0.1,0.1,0.1,0.1,0.1,0.1,0.14,0.14,0.14,0.14,0.14,0.15,0.15,0.15,0.15,0.15,0.2,0.2,0.2,0.2,0.2,0.19,0.19,0.19,0.19,0.19,0.13,0.13,0.13,0.13,0.13,0.09,0.09,0.09,0.09,0.09,0.24,0.24,0.24,0.24,0.24,0.27,0.27,0.27,0.27,0.27,0.3,0.3,0.3,0.3,0.3,0.13,0.13,0.13,0.13,0.13,0.13,0.13,0.13,0.13,0.13,0.13,0.13,0.13,0.13,0.13,0.13,0.13,0.13,0.13,0.13,0.13,0.13,0.13,0.13,0.13,0.13,0.13,0.13,0.13,0.13
"65",0.22,0.22,0.22,0.22,0.22,0.15,0.15,0.15,0.15,0.15,0.1,0.1,0.1,0.1,0.1,0.1,0.1,0.1,0.1,0.1,0.1,0.1,0.1,0.1,0.1,0.14,0.14,0.14,0.14,0.14,0.15,0.15,0.15,0.15,0.15,0.2,0.2,0.2,0.2,0.2,0.19,0.19,0.19,0.19,0.19,0.13,0.13,0.13,0.13,0.13,0.09,0.09,0.09,0.09,0.09,0.24,0.24,0.24,0.24,0.24,0.27,0.27,0.27,0.27,0.27,0.3,0.3,0.3,0.3,0.3,0.13,0.13,0.13,0.13,0.13,0.13,0.13,0.13,0.13,0.13,0.13,0.13,0.13,0.13,0.13,0.13,0.13,0.13,0.13,0.13,0.13,0.13,0.13,0.13,0.13,0.13,0.13,0.13,0.13,0.13
"66",0.05,0.05,0.05,0.05,0.05,0.08,0.08,0.08,0.08,0.08,0.07,0.07,0.07,0.07,0.07,0.08,0.08,0.08,0.08,0.08,0.07,0.07,0.07,0.07,0.07,0.12,0.12,0.12,0.12,0.12,0.08,0.08,0.08,0.08,0.08,0.16,0.16,0.16,0.16,0.16,0.11,0.11,0.11,0.11,0.11,0.04,0.04,0.04,0.04,0.04,0.05,0.05,0.05,0.05,0.05,0.07,0.07,0.07,0.07,0.07,0.17,0.17,0.17,0.17,0.17,0.37,0.37,0.37,0.37,0.37,0.43,0.43,0.43,0.43,0.43,0.43,0.43,0.43,0.43,0.43,0.43,0.43,0.43,0.43,0.43,0.43,0.43,0.43,0.43,0.43,0.43,0.43,0.43,0.43,0.43,0.43,0.43,0.43,0.43,0.43
"67",0.05,0.05,0.05,0.05,0.05,0.08,0.08,0.08,0.08,0.08,0.07,0.07,0.07,0.07,0.07,0.08,0.08,0.08,0.08,0.08,0.07,0.07,0.07,0.07,0.07,0.12,0.12,0.12,0.12,0.12,0.08,0.08,0.08,0.08,0.08,0.16,0.16,0.16,0.16,0.16,0.11,0.11,0.11,0.11,0.11,0.04,0.04,0.04,0.04,0.04,0.05,0.05,0.05,0.05,0.05,0.07,0.07,0.07,0.07,0.07,0.17,0.17,0.17,0.17,0.17,0.37,0.37,0.37,0.37,0.37,0.43,0.43,0.43,0.43,0.43,0.43,0.43,0.43,0.43,0.43,0.43,0.43,0.43,0.43,0.43,0.43,0.43,0.43,0.43,0.43,0.43,0.43,0.43,0.43,0.43,0.43,0.43,0.43,0.43,0.43
"68",0.05,0.05,0.05,0.05,0.05,0.08,0.08,0.08,0.08,0.08,0.07,0.07,0.07,0.07,0.07,0.08,0.08,0.08,0.08,0.08,0.07,0.07,0.07,0.07,0.07,0.12,0.12,0.12,0.12,0.12,0.08,0.08,0.08,0.08,0.08,0.16,0.16,0.16,0.16,0.16,0.11,0.11,0.11,0.11,0.11,0.04,0.04,0.04,0.04,0.04,0.05,0.05,0.05,0.05,0.05,0.07,0.07,0.07,0.07,0.07,0.17,0.17,0.17,0.17,0.17,0.37,0.37,0.37,0.37,0.37,0.43,0.43,0.43,0.43,0.43,0.43,0.43,0.43,0.43,0.43,0.43,0.43,0.43,0.43,0.43,0.43,0.43,0.43,0.43,0.43,0.43,0.43,0.43,0.43,0.43,0.43,0.43,0.43,0.43,0.43
"69",0.05,0.05,0.05,0.05,0.05,0.08,0.08,0.08,0.08,0.08,0.07,0.07,0.07,0.07,0.07,0.08,0.08,0.08,0.08,0.08,0.07,0.07,0.07,0.07,0.07,0.12,0.12,0.12,0.12,0.12,0.08,0.08,0.08,0.08,0.08,0.16,0.16,0.16,0.16,0.16,0.11,0.11,0.11,0.11,0.11,0.04,0.04,0.04,0.04,0.04,0.05,0.05,0.05,0.05,0.05,0.07,0.07,0.07,0.07,0.07,0.17,0.17,0.17,0.17,0.17,0.37,0.37,0.37,0.37,0.37,0.43,0.43,0.43,0.43,0.43,0.43,0.43,0.43,0.43,0.43,0.43,0.43,0.43,0.43,0.43,0.43,0.43,0.43,0.43,0.43,0.43,0.43,0.43,0.43,0.43,0.43,0.43,0.43,0.43,0.43
"70",0.05,0.05,0.05,0.05,0.05,0.08,0.08,0.08,0.08,0.08,0.07,0.07,0.07,0.07,0.07,0.08,0.08,0.08,0.08,0.08,0.07,0.07,0.07,0.07,0.07,0.12,0.12,0.12,0.12,0.12,0.08,0.08,0.08,0.08,0.08,0.16,0.16,0.16,0.16,0.16,0.11,0.11,0.11,0.11,0.11,0.04,0.04,0.04,0.04,0.04,0.05,0.05,0.05,0.05,0.05,0.07,0.07,0.07,0.07,0.07,0.17,0.17,0.17,0.17,0.17,0.37,0.37,0.37,0.37,0.37,0.43,0.43,0.43,0.43,0.43,0.43,0.43,0.43,0.43,0.43,0.43,0.43,0.43,0.43,0.43,0.43,0.43,0.43,0.43,0.43,0.43,0.43,0.43,0.43,0.43,0.43,0.43,0.43,0.43,0.43
"71",0.09,0.09,0.09,0.09,0.09,0.09,0.09,0.09,0.09,0.09,0.1,0.1,0.1,0.1,0.1,0.08,0.08,0.08,0.08,0.08,0.19,0.19,0.19,0.19,0.19,0.1,0.1,0.1,0.1,0.1,0.05,0.05,0.05,0.05,0.05,0.13,0.13,0.13,0.13,0.13,0.24,0.24,0.24,0.24,0.24,0.29,0.29,0.29,0.29,0.29,0.23,0.23,0.23,0.23,0.23,0.22,0.22,0.22,0.22,0.22,0.11,0.11,0.11,0.11,0.11,0.22,0.22,0.22,0.22,0.22,0.7,0.7,0.7,0.7,0.7,0.7,0.7,0.7,0.7,0.7,0.7,0.7,0.7,0.7,0.7,0.7,0.7,0.7,0.7,0.7,0.7,0.7,0.7,0.7,0.7,0.7,0.7,0.7,0.7,0.7
"72",0.09,0.09,0.09,0.09,0.09,0.09,0.09,0.09,0.09,0.09,0.1,0.1,0.1,0.1,0.1,0.08,0.08,0.08,0.08,0.08,0.19,0.19,0.19,0.19,0.19,0.1,0.1,0.1,0.1,0.1,0.05,0.05,0.05,0.05,0.05,0.13,0.13,0.13,0.13,0.13,0.24,0.24,0.24,0.24,0.24,0.29,0.29,0.29,0.29,0.29,0.23,0.23,0.23,0.23,0.23,0.22,0.22,0.22,0.22,0.22,0.11,0.11,0.11,0.11,0.11,0.22,0.22,0.22,0.22,0.22,0.7,0.7,0.7,0.7,0.7,0.7,0.7,0.7,0.7,0.7,0.7,0.7,0.7,0.7,0.7,0.7,0.7,0.7,0.7,0.7,0.7,0.7,0.7,0.7,0.7,0.7,0.7,0.7,0.7,0.7
"73",0.09,0.09,0.09,0.09,0.09,0.09,0.09,0.09,0.09,0.09,0.1,0.1,0.1,0.1,0.1,0.08,0.08,0.08,0.08,0.08,0.19,0.19,0.19,0.19,0.19,0.1,0.1,0.1,0.1,0.1,0.05,0.05,0.05,0.05,0.05,0.13,0.13,0.13,0.13,0.13,0.24,0.24,0.24,0.24,0.24,0.29,0.29,0.29,0.29,0.29,0.23,0.23,0.23,0.23,0.23,0.22,0.22,0.22,0.22,0.22,0.11,0.11,0.11,0.11,0.11,0.22,0.22,0.22,0.22,0.22,0.7,0.7,0.7,0.7,0.7,0.7,0.7,0.7,0.7,0.7,0.7,0.7,0.7,0.7,0.7,0.7,0.7,0.7,0.7,0.7,0.7,0.7,0.7,0.7,0.7,0.7,0.7,0.7,0.7,0.7
"74",0.09,0.09,0.09,0.09,0.09,0.09,0.09,0.09,0.09,0.09,0.1,0.1,0.1,0.1,0.1,0.08,0.08,0.08,0.08,0.08,0.19,0.19,0.19,0.19,0.19,0.1,0.1,0.1,0.1,0.1,0.05,0.05,0.05,0.05,0.05,0.13,0.13,0.13,0.13,0.13,0.24,0.24,0.24,0.24,0.24,0.29,0.29,0.29,0.29,0.29,0.23,0.23,0.23,0.23,0.23,0.22,0.22,0.22,0.22,0.22,0.11,0.11,0.11,0.11,0.11,0.22,0.22,0.22,0.22,0.22,0.7,0.7,0.7,0.7,0.7,0.7,0.7,0.7,0.7,0.7,0.7,0.7,0.7,0.7,0.7,0.7,0.7,0.7,0.7,0.7,0.7,0.7,0.7,0.7,0.7,0.7,0.7,0.7,0.7,0.7
"75",0.09,0.09,0.09,0.09,0.09,0.09,0.09,0.09,0.09,0.09,0.1,0.1,0.1,0.1,0.1,0.08,0.08,0.08,0.08,0.08,0.19,0.19,0.19,0.19,0.19,0.1,0.1,0.1,0.1,0.1,0.05,0.05,0.05,0.05,0.05,0.13,0.13,0.13,0.13,0.13,0.24,0.24,0.24,0.24,0.24,0.29,0.29,0.29,0.29,0.29,0.23,0.23,0.23,0.23,0.23,0.22,0.22,0.22,0.22,0.22,0.11,0.11,0.11,0.11,0.11,0.22,0.22,0.22,0.22,0.22,0.7,0.7,0.7,0.7,0.7,0.7,0.7,0.7,0.7,0.7,0.7,0.7,0.7,0.7,0.7,0.7,0.7,0.7,0.7,0.7,0.7,0.7,0.7,0.7,0.7,0.7,0.7,0.7,0.7,0.7
"76",0.09,0.09,0.09,0.09,0.09,0.09,0.09,0.09,0.09,0.09,0.1,0.1,0.1,0.1,0.1,0.08,0.08,0.08,0.08,0.08,0.19,0.19,0.19,0.19,0.19,0.1,0.1,0.1,0.1,0.1,0.05,0.05,0.05,0.05,0.05,0.13,0.13,0.13,0.13,0.13,0.24,0.24,0.24,0.24,0.24,0.29,0.29,0.29,0.29,0.29,0.23,0.23,0.23,0.23,0.23,0.22,0.22,0.22,0.22,0.22,0.11,0.11,0.11,0.11,0.11,0.22,0.22,0.22,0.22,0.22,0.7,0.7,0.7,0.7,0.7,0.7,0.7,0.7,0.7,0.7,0.7,0.7,0.7,0.7,0.7,0.7,0.7,0.7,0.7,0.7,0.7,0.7,0.7,0.7,0.7,0.7,0.7,0.7,0.7,0.7
"77",0.09,0.09,0.09,0.09,0.09,0.09,0.09,0.09,0.09,0.09,0.1,0.1,0.1,0.1,0.1,0.08,0.08,0.08,0.08,0.08,0.19,0.19,0.19,0.19,0.19,0.1,0.1,0.1,0.1,0.1,0.05,0.05,0.05,0.05,0.05,0.13,0.13,0.13,0.13,0.13,0.24,0.24,0.24,0.24,0.24,0.29,0.29,0.29,0.29,0.29,0.23,0.23,0.23,0.23,0.23,0.22,0.22,0.22,0.22,0.22,0.11,0.11,0.11,0.11,0.11,0.22,0.22,0.22,0.22,0.22,0.7,0.7,0.7,0.7,0.7,0.7,0.7,0.7,0.7,0.7,0.7,0.7,0.7,0.7,0.7,0.7,0.7,0.7,0.7,0.7,0.7,0.7,0.7,0.7,0.7,0.7,0.7,0.7,0.7,0.7
"78",0.09,0.09,0.09,0.09,0.09,0.09,0.09,0.09,0.09,0.09,0.1,0.1,0.1,0.1,0.1,0.08,0.08,0.08,0.08,0.08,0.19,0.19,0.19,0.19,0.19,0.1,0.1,0.1,0.1,0.1,0.05,0.05,0.05,0.05,0.05,0.13,0.13,0.13,0.13,0.13,0.24,0.24,0.24,0.24,0.24,0.29,0.29,0.29,0.29,0.29,0.23,0.23,0.23,0.23,0.23,0.22,0.22,0.22,0.22,0.22,0.11,0.11,0.11,0.11,0.11,0.22,0.22,0.22,0.22,0.22,0.7,0.7,0.7,0.7,0.7,0.7,0.7,0.7,0.7,0.7,0.7,0.7,0.7,0.7,0.7,0.7,0.7,0.7,0.7,0.7,0.7,0.7,0.7,0.7,0.7,0.7,0.7,0.7,0.7,0.7
"79",0.09,0.09,0.09,0.09,0.09,0.09,0.09,0.09,0.09,0.09,0.1,0.1,0.1,0.1,0.1,0.08,0.08,0.08,0.08,0.08,0.19,0.19,0.19,0.19,0.19,0.1,0.1,0.1,0.1,0.1,0.05,0.05,0.05,0.05,0.05,0.13,0.13,0.13,0.13,0.13,0.24,0.24,0.24,0.24,0.24,0.29,0.29,0.29,0.29,0.29,0.23,0.23,0.23,0.23,0.23,0.22,0.22,0.22,0.22,0.22,0.11,0.11,0.11,0.11,0.11,0.22,0.22,0.22,0.22,0.22,0.7,0.7,0.7,0.7,0.7,0.7,0.7,0.7,0.7,0.7,0.7,0.7,0.7,0.7,0.7,0.7,0.7,0.7,0.7,0.7,0.7,0.7,0.7,0.7,0.7,0.7,0.7,0.7,0.7,0.7
"80",0.09,0.09,0.09,0.09,0.09,0.09,0.09,0.09,0.09,0.09,0.1,0.1,0.1,0.1,0.1,0.08,0.08,0.08,0.08,0.08,0.19,0.19,0.19,0.19,0.19,0.1,0.1,0.1,0.1,0.1,0.05,0.05,0.05,0.05,0.05,0.13,0.13,0.13,0.13,0.13,0.24,0.24,0.24,0.24,0.24,0.29,0.29,0.29,0.29,0.29,0.23,0.23,0.23,0.23,0.23,0.22,0.22,0.22,0.22,0.22,0.11,0.11,0.11,0.11,0.11,0.22,0.22,0.22,0.22,0.22,0.7,0.7,0.7,0.7,0.7,0.7,0.7,0.7,0.7,0.7,0.7,0.7,0.7,0.7,0.7,0.7,0.7,0.7,0.7,0.7,0.7,0.7,0.7,0.7,0.7,0.7,0.7,0.7,0.7,0.7
"81",0.09,0.09,0.09,0.09,0.09,0.09,0.09,0.09,0.09,0.09,0.1,0.1,0.1,0.1,0.1,0.08,0.08,0.08,0.08,0.08,0.19,0.19,0.19,0.19,0.19,0.1,0.1,0.1,0.1,0.1,0.05,0.05,0.05,0.05,0.05,0.13,0.13,0.13,0.13,0.13,0.24,0.24,0.24,0.24,0.24,0.29,0.29,0.29,0.29,0.29,0.23,0.23,0.23,0.23,0.23,0.22,0.22,0.22,0.22,0.22,0.11,0.11,0.11,0.11,0.11,0.22,0.22,0.22,0.22,0.22,0.7,0.7,0.7,0.7,0.7,0.7,0.7,0.7,0.7,0.7,0.7,0.7,0.7,0.7,0.7,0.7,0.7,0.7,0.7,0.7,0.7,0.7,0.7,0.7,0.7,0.7,0.7,0.7,0.7,0.7
"82",0.09,0.09,0.09,0.09,0.09,0.09,0.09,0.09,0.09,0.09,0.1,0.1,0.1,0.1,0.1,0.08,0.08,0.08,0.08,0.08,0.19,0.19,0.19,0.19,0.19,0.1,0.1,0.1,0.1,0.1,0.05,0.05,0.05,0.05,0.05,0.13,0.13,0.13,0.13,0.13,0.24,0.24,0.24,0.24,0.24,0.29,0.29,0.29,0.29,0.29,0.23,0.23,0.23,0.23,0.23,0.22,0.22,0.22,0.22,0.22,0.11,0.11,0.11,0.11,0.11,0.22,0.22,0.22,0.22,0.22,0.7,0.7,0.7,0.7,0.7,0.7,0.7,0.7,0.7,0.7,0.7,0.7,0.7,0.7,0.7,0.7,0.7,0.7,0.7,0.7,0.7,0.7,0.7,0.7,0.7,0.7,0.7,0.7,0.7,0.7
"83",0.09,0.09,0.09,0.09,0.09,0.09,0.09,0.09,0.09,0.09,0.1,0.1,0.1,0.1,0.1,0.08,0.08,0.08,0.08,0.08,0.19,0.19,0.19,0.19,0.19,0.1,0.1,0.1,0.1,0.1,0.05,0.05,0.05,0.05,0.05,0.13,0.13,0.13,0.13,0.13,0.24,0.24,0.24,0.24,0.24,0.29,0.29,0.29,0.29,0.29,0.23,0.23,0.23,0.23,0.23,0.22,0.22,0.22,0.22,0.22,0.11,0.11,0.11,0.11,0.11,0.22,0.22,0.22,0.22,0.22,0.7,0.7,0.7,0.7,0.7,0.7,0.7,0.7,0.7,0.7,0.7,0.7,0.7,0.7,0.7,0.7,0.7,0.7,0.7,0.7,0.7,0.7,0.7,0.7,0.7,0.7,0.7,0.7,0.7,0.7
"84",0.09,0.09,0.09,0.09,0.09,0.09,0.09,0.09,0.09,0.09,0.1,0.1,0.1,0.1,0.1,0.08,0.08,0.08,0.08,0.08,0.19,0.19,0.19,0.19,0.19,0.1,0.1,0.1,0.1,0.1,0.05,0.05,0.05,0.05,0.05,0.13,0.13,0.13,0.13,0.13,0.24,0.24,0.24,0.24,0.24,0.29,0.29,0.29,0.29,0.29,0.23,0.23,0.23,0.23,0.23,0.22,0.22,0.22,0.22,0.22,0.11,0.11,0.11,0.11,0.11,0.22,0.22,0.22,0.22,0.22,0.7,0.7,0.7,0.7,0.7,0.7,0.7,0.7,0.7,0.7,0.7,0.7,0.7,0.7,0.7,0.7,0.7,0.7,0.7,0.7,0.7,0.7,0.7,0.7,0.7,0.7,0.7,0.7,0.7,0.7
"85",0.09,0.09,0.09,0.09,0.09,0.09,0.09,0.09,0.09,0.09,0.1,0.1,0.1,0.1,0.1,0.08,0.08,0.08,0.08,0.08,0.19,0.19,0.19,0.19,0.19,0.1,0.1,0.1,0.1,0.1,0.05,0.05,0.05,0.05,0.05,0.13,0.13,0.13,0.13,0.13,0.24,0.24,0.24,0.24,0.24,0.29,0.29,0.29,0.29,0.29,0.23,0.23,0.23,0.23,0.23,0.22,0.22,0.22,0.22,0.22,0.11,0.11,0.11,0.11,0.11,0.22,0.22,0.22,0.22,0.22,0.7,0.7,0.7,0.7,0.7,0.7,0.7,0.7,0.7,0.7,0.7,0.7,0.7,0.7,0.7,0.7,0.7,0.7,0.7,0.7,0.7,0.7,0.7,0.7,0.7,0.7,0.7,0.7,0.7,0.7
"86",0.09,0.09,0.09,0.09,0.09,0.09,0.09,0.09,0.09,0.09,0.1,0.1,0.1,0.1,0.1,0.08,0.08,0.08,0.08,0.08,0.19,0.19,0.19,0.19,0.19,0.1,0.1,0.1,0.1,0.1,0.05,0.05,0.05,0.05,0.05,0.13,0.13,0.13,0.13,0.13,0.24,0.24,0.24,0.24,0.24,0.29,0.29,0.29,0.29,0.29,0.23,0.23,0.23,0.23,0.23,0.22,0.22,0.22,0.22,0.22,0.11,0.11,0.11,0.11,0.11,0.22,0.22,0.22,0.22,0.22,0.7,0.7,0.7,0.7,0.7,0.7,0.7,0.7,0.7,0.7,0.7,0.7,0.7,0.7,0.7,0.7,0.7,0.7,0.7,0.7,0.7,0.7,0.7,0.7,0.7,0.7,0.7,0.7,0.7,0.7
"87",0.09,0.09,0.09,0.09,0.09,0.09,0.09,0.09,0.09,0.09,0.1,0.1,0.1,0.1,0.1,0.08,0.08,0.08,0.08,0.08,0.19,0.19,0.19,0.19,0.19,0.1,0.1,0.1,0.1,0.1,0.05,0.05,0.05,0.05,0.05,0.13,0.13,0.13,0.13,0.13,0.24,0.24,0.24,0.24,0.24,0.29,0.29,0.29,0.29,0.29,0.23,0.23,0.23,0.23,0.23,0.22,0.22,0.22,0.22,0.22,0.11,0.11,0.11,0.11,0.11,0.22,0.22,0.22,0.22,0.22,0.7,0.7,0.7,0.7,0.7,0.7,0.7,0.7,0.7,0.7,0.7,0.7,0.7,0.7,0.7,0.7,0.7,0.7,0.7,0.7,0.7,0.7,0.7,0.7,0.7,0.7,0.7,0.7,0.7,0.7
"88",0.09,0.09,0.09,0.09,0.09,0.09,0.09,0.09,0.09,0.09,0.1,0.1,0.1,0.1,0.1,0.08,0.08,0.08,0.08,0.08,0.19,0.19,0.19,0.19,0.19,0.1,0.1,0.1,0.1,0.1,0.05,0.05,0.05,0.05,0.05,0.13,0.13,0.13,0.13,0.13,0.24,0.24,0.24,0.24,0.24,0.29,0.29,0.29,0.29,0.29,0.23,0.23,0.23,0.23,0.23,0.22,0.22,0.22,0.22,0.22,0.11,0.11,0.11,0.11,0.11,0.22,0.22,0.22,0.22,0.22,0.7,0.7,0.7,0.7,0.7,0.7,0.7,0.7,0.7,0.7,0.7,0.7,0.7,0.7,0.7,0.7,0.7,0.7,0.7,0.7,0.7,0.7,0.7,0.7,0.7,0.7,0.7,0.7,0.7,0.7
"89",0.09,0.09,0.09,0.09,0.09,0.09,0.09,0.09,0.09,0.09,0.1,0.1,0.1,0.1,0.1,0.08,0.08,0.08,0.08,0.08,0.19,0.19,0.19,0.19,0.19,0.1,0.1,0.1,0.1,0.1,0.05,0.05,0.05,0.05,0.05,0.13,0.13,0.13,0.13,0.13,0.24,0.24,0.24,0.24,0.24,0.29,0.29,0.29,0.29,0.29,0.23,0.23,0.23,0.23,0.23,0.22,0.22,0.22,0.22,0.22,0.11,0.11,0.11,0.11,0.11,0.22,0.22,0.22,0.22,0.22,0.7,0.7,0.7,0.7,0.7,0.7,0.7,0.7,0.7,0.7,0.7,0.7,0.7,0.7,0.7,0.7,0.7,0.7,0.7,0.7,0.7,0.7,0.7,0.7,0.7,0.7,0.7,0.7,0.7,0.7
"90",0.09,0.09,0.09,0.09,0.09,0.09,0.09,0.09,0.09,0.09,0.1,0.1,0.1,0.1,0.1,0.08,0.08,0.08,0.08,0.08,0.19,0.19,0.19,0.19,0.19,0.1,0.1,0.1,0.1,0.1,0.05,0.05,0.05,0.05,0.05,0.13,0.13,0.13,0.13,0.13,0.24,0.24,0.24,0.24,0.24,0.29,0.29,0.29,0.29,0.29,0.23,0.23,0.23,0.23,0.23,0.22,0.22,0.22,0.22,0.22,0.11,0.11,0.11,0.11,0.11,0.22,0.22,0.22,0.22,0.22,0.7,0.7,0.7,0.7,0.7,0.7,0.7,0.7,0.7,0.7,0.7,0.7,0.7,0.7,0.7,0.7,0.7,0.7,0.7,0.7,0.7,0.7,0.7,0.7,0.7,0.7,0.7,0.7,0.7,0.7
"91",0.09,0.09,0.09,0.09,0.09,0.09,0.09,0.09,0.09,0.09,0.1,0.1,0.1,0.1,0.1,0.08,0.08,0.08,0.08,0.08,0.19,0.19,0.19,0.19,0.19,0.1,0.1,0.1,0.1,0.1,0.05,0.05,0.05,0.05,0.05,0.13,0.13,0.13,0.13,0.13,0.24,0.24,0.24,0.24,0.24,0.29,0.29,0.29,0.29,0.29,0.23,0.23,0.23,0.23,0.23,0.22,0.22,0.22,0.22,0.22,0.11,0.11,0.11,0.11,0.11,0.22,0.22,0.22,0.22,0.22,0.7,0.7,0.7,0.7,0.7,0.7,0.7,0.7,0.7,0.7,0.7,0.7,0.7,0.7,0.7,0.7,0.7,0.7,0.7,0.7,0.7,0.7,0.7,0.7,0.7,0.7,0.7,0.7,0.7,0.7
"92",0.09,0.09,0.09,0.09,0.09,0.09,0.09,0.09,0.09,0.09,0.1,0.1,0.1,0.1,0.1,0.08,0.08,0.08,0.08,0.08,0.19,0.19,0.19,0.19,0.19,0.1,0.1,0.1,0.1,0.1,0.05,0.05,0.05,0.05,0.05,0.13,0.13,0.13,0.13,0.13,0.24,0.24,0.24,0.24,0.24,0.29,0.29,0.29,0.29,0.29,0.23,0.23,0.23,0.23,0.23,0.22,0.22,0.22,0.22,0.22,0.11,0.11,0.11,0.11,0.11,0.22,0.22,0.22,0.22,0.22,0.7,0.7,0.7,0.7,0.7,0.7,0.7,0.7,0.7,0.7,0.7,0.7,0.7,0.7,0.7,0.7,0.7,0.7,0.7,0.7,0.7,0.7,0.7,0.7,0.7,0.7,0.7,0.7,0.7,0.7
"93",0.09,0.09,0.09,0.09,0.09,0.09,0.09,0.09,0.09,0.09,0.1,0.1,0.1,0.1,0.1,0.08,0.08,0.08,0.08,0.08,0.19,0.19,0.19,0.19,0.19,0.1,0.1,0.1,0.1,0.1,0.05,0.05,0.05,0.05,0.05,0.13,0.13,0.13,0.13,0.13,0.24,0.24,0.24,0.24,0.24,0.29,0.29,0.29,0.29,0.29,0.23,0.23,0.23,0.23,0.23,0.22,0.22,0.22,0.22,0.22,0.11,0.11,0.11,0.11,0.11,0.22,0.22,0.22,0.22,0.22,0.7,0.7,0.7,0.7,0.7,0.7,0.7,0.7,0.7,0.7,0.7,0.7,0.7,0.7,0.7,0.7,0.7,0.7,0.7,0.7,0.7,0.7,0.7,0.7,0.7,0.7,0.7,0.7,0.7,0.7
"94",0.09,0.09,0.09,0.09,0.09,0.09,0.09,0.09,0.09,0.09,0.1,0.1,0.1,0.1,0.1,0.08,0.08,0.08,0.08,0.08,0.19,0.19,0.19,0.19,0.19,0.1,0.1,0.1,0.1,0.1,0.05,0.05,0.05,0.05,0.05,0.13,0.13,0.13,0.13,0.13,0.24,0.24,0.24,0.24,0.24,0.29,0.29,0.29,0.29,0.29,0.23,0.23,0.23,0.23,0.23,0.22,0.22,0.22,0.22,0.22,0.11,0.11,0.11,0.11,0.11,0.22,0.22,0.22,0.22,0.22,0.7,0.7,0.7,0.7,0.7,0.7,0.7,0.7,0.7,0.7,0.7,0.7,0.7,0.7,0.7,0.7,0.7,0.7,0.7,0.7,0.7,0.7,0.7,0.7,0.7,0.7,0.7,0.7,0.7,0.7
"95",0.09,0.09,0.09,0.09,0.09,0.09,0.09,0.09,0.09,0.09,0.1,0.1,0.1,0.1,0.1,0.08,0.08,0.08,0.08,0.08,0.19,0.19,0.19,0.19,0.19,0.1,0.1,0.1,0.1,0.1,0.05,0.05,0.05,0.05,0.05,0.13,0.13,0.13,0.13,0.13,0.24,0.24,0.24,0.24,0.24,0.29,0.29,0.29,0.29,0.29,0.23,0.23,0.23,0.23,0.23,0.22,0.22,0.22,0.22,0.22,0.11,0.11,0.11,0.11,0.11,0.22,0.22,0.22,0.22,0.22,0.7,0.7,0.7,0.7,0.7,0.7,0.7,0.7,0.7,0.7,0.7,0.7,0.7,0.7,0.7,0.7,0.7,0.7,0.7,0.7,0.7,0.7,0.7,0.7,0.7,0.7,0.7,0.7,0.7,0.7
"96",0.09,0.09,0.09,0.09,0.09,0.09,0.09,0.09,0.09,0.09,0.1,0.1,0.1,0.1,0.1,0.08,0.08,0.08,0.08,0.08,0.19,0.19,0.19,0.19,0.19,0.1,0.1,0.1,0.1,0.1,0.05,0.05,0.05,0.05,0.05,0.13,0.13,0.13,0.13,0.13,0.24,0.24,0.24,0.24,0.24,0.29,0.29,0.29,0.29,0.29,0.23,0.23,0.23,0.23,0.23,0.22,0.22,0.22,0.22,0.22,0.11,0.11,0.11,0.11,0.11,0.22,0.22,0.22,0.22,0.22,0.7,0.7,0.7,0.7,0.7,0.7,0.7,0.7,0.7,0.7,0.7,0.7,0.7,0.7,0.7,0.7,0.7,0.7,0.7,0.7,0.7,0.7,0.7,0.7,0.7,0.7,0.7,0.7,0.7,0.7
"97",0.09,0.09,0.09,0.09,0.09,0.09,0.09,0.09,0.09,0.09,0.1,0.1,0.1,0.1,0.1,0.08,0.08,0.08,0.08,0.08,0.19,0.19,0.19,0.19,0.19,0.1,0.1,0.1,0.1,0.1,0.05,0.05,0.05,0.05,0.05,0.13,0.13,0.13,0.13,0.13,0.24,0.24,0.24,0.24,0.24,0.29,0.29,0.29,0.29,0.29,0.23,0.23,0.23,0.23,0.23,0.22,0.22,0.22,0.22,0.22,0.11,0.11,0.11,0.11,0.11,0.22,0.22,0.22,0.22,0.22,0.7,0.7,0.7,0.7,0.7,0.7,0.7,0.7,0.7,0.7,0.7,0.7,0.7,0.7,0.7,0.7,0.7,0.7,0.7,0.7,0.7,0.7,0.7,0.7,0.7,0.7,0.7,0.7,0.7,0.7
"98",0.09,0.09,0.09,0.09,0.09,0.09,0.09,0.09,0.09,0.09,0.1,0.1,0.1,0.1,0.1,0.08,0.08,0.08,0.08,0.08,0.19,0.19,0.19,0.19,0.19,0.1,0.1,0.1,0.1,0.1,0.05,0.05,0.05,0.05,0.05,0.13,0.13,0.13,0.13,0.13,0.24,0.24,0.24,0.24,0.24,0.29,0.29,0.29,0.29,0.29,0.23,0.23,0.23,0.23,0.23,0.22,0.22,0.22,0.22,0.22,0.11,0.11,0.11,0.11,0.11,0.22,0.22,0.22,0.22,0.22,0.7,0.7,0.7,0.7,0.7,0.7,0.7,0.7,0.7,0.7,0.7,0.7,0.7,0.7,0.7,0.7,0.7,0.7,0.7,0.7,0.7,0.7,0.7,0.7,0.7,0.7,0.7,0.7,0.7,0.7
"99",0.09,0.09,0.09,0.09,0.09,0.09,0.09,0.09,0.09,0.09,0.1,0.1,0.1,0.1,0.1,0.08,0.08,0.08,0.08,0.08,0.19,0.19,0.19,0.19,0.19,0.1,0.1,0.1,0.1,0.1,0.05,0.05,0.05,0.05,0.05,0.13,0.13,0.13,0.13,0.13,0.24,0.24,0.24,0.24,0.24,0.29,0.29,0.29,0.29,0.29,0.23,0.23,0.23,0.23,0.23,0.22,0.22,0.22,0.22,0.22,0.11,0.11,0.11,0.11,0.11,0.22,0.22,0.22,0.22,0.22,0.7,0.7,0.7,0.7,0.7,0.7,0.7,0.7,0.7,0.7,0.7,0.7,0.7,0.7,0.7,0.7,0.7,0.7,0.7,0.7,0.7,0.7,0.7,0.7,0.7,0.7,0.7,0.7,0.7,0.7
"100",0.09,0.09,0.09,0.09,0.09,0.09,0.09,0.09,0.09,0.09,0.1,0.1,0.1,0.1,0.1,0.08,0.08,0.08,0.08,0.08,0.19,0.19,0.19,0.19,0.19,0.1,0.1,0.1,0.1,0.1,0.05,0.05,0.05,0.05,0.05,0.13,0.13,0.13,0.13,0.13,0.24,0.24,0.24,0.24,0.24,0.29,0.29,0.29,0.29,0.29,0.23,0.23,0.23,0.23,0.23,0.22,0.22,0.22,0.22,0.22,0.11,0.11,0.11,0.11,0.11,0.22,0.22,0.22,0.22,0.22,0.7,0.7,0.7,0.7,0.7,0.7,0.7,0.7,0.7,0.7,0.7,0.7,0.7,0.7,0.7,0.7,0.7,0.7,0.7,0.7,0.7,0.7,0.7,0.7,0.7,0.7,0.7,0.7,0.7,0.7
